0.0 	2551693.9425236876 	1512166.1623127107 	1266958.7972883778 	2946805.9018446933 	1772954.8640995661 	1262899.983783024 	2572311.216889105 	1519423.1218489723 	1771808.345577286 	2557929.088859075 	2212139.6441060025 	1198320.5865483314 	1588601.215200642 	751036.9352250871 	2317388.981491031 	1913788.3418585593 	755771.230658897 	1266956.3860465619 	957039.6128861364 	2214444.9383695326 	2585074.508252439 	2051669.7916048355 	1912314.1575004987 	2162036.5236067986 	1581597.2362263536 	1055858.9933052408 	1755750.8225925972 	1090325.6440389159 	2316959.9026868306 	1722838.8140978054 	2502715.2496637427 	2279105.347404168 	1578012.762188568 	2557420.2755469303 	626471.2468714115 	1442479.4646053212 	1268383.9459931373 	1068565.2428815542 	247335.65175076757 	1140804.3549570467 	
2551693.9425236876 	0.0 	1280419.4683908366 	1629980.4752997125 	1106601.9258737988 	808154.085562906 	1621799.832015951 	807091.5886475483 	1027858.2587607591 	1320364.127191353 	7342.352428300502 	339104.90599488496 	1399409.7692468495 	1108056.4373578136 	1803050.5867199113 	282867.6964930999 	855430.0158988724 	1892075.0272432247 	1639129.5049425913 	1590297.3319404188 	883837.3677475855 	114146.96201153554 	681549.6158857592 	868239.4823859512 	1875408.9655176979 	1113275.2322391763 	1491160.8995816456 	838660.5727421127 	1522729.0615927095 	977401.6104665755 	1809695.7384543407 	1071349.7932906353 	1251980.0241638292 	1033148.9061364981 	762726.149412426 	1921813.3065922058 	1112779.0057573288 	1633383.7589028652 	1538176.8903919444 	2797857.245584115 	1419050.7426736034 	
1512166.1623127107 	1280419.4683908366 	0.0 	351632.0900006754 	1420481.2683992586 	525646.7444804386 	344621.38497424783 	1059113.1519613848 	589648.1725061404 	327187.52281464875 	1284144.2090188116 	1008701.7817814862 	389517.49266242026 	1019331.2575468795 	924349.1915858372 	999356.9089193259 	452675.58072071796 	756178.5835788664 	360221.87950380816 	739268.7647710234 	1496235.1967018535 	1360715.2353859767 	1164805.9721090174 	444982.5134027643 	993125.8971393964 	1016232.4352216446 	654610.1183592511 	483474.3680664473 	447302.0106666827 	798223.5270417952 	682011.2580402355 	985461.8234543755 	797630.0534784406 	869423.8717201421 	1049212.5797391357 	945947.6504932938 	676108.7862577018 	354663.5715311699 	471068.55550827255 	1727778.2091547758 	516412.5429360146 	
1266958.7972883778 	1629980.4752997125 	351632.0900006754 	0.0 	1700920.354583723 	853432.4019806476 	13109.889529393828 	1369971.418437864 	827377.5350067404 	509422.2068360495 	1633868.373705888 	1348487.4012138725 	443196.5621654708 	1217986.5979451288 	833399.4236231254 	1349840.2989655933 	801699.6098155087 	524985.8569085059 	10863.711676883582 	716165.0257080209 	1768735.8528131198 	1707598.672791572 	1454793.8847404236 	792981.9114590762 	972427.725910696 	1213352.4314765611 	672836.3215441509 	813985.6256496734 	397201.19248043257 	1082854.1442574337 	559570.75090797 	1249492.443069589 	1008011.5783140314 	1086426.6884419112 	1365960.4313512433 	793332.1157117711 	873735.968891716 	5162.274847437118 	413226.44589855114 	1459011.9664701126 	562245.6193797486 	
2946805.9018446933 	1106601.9258737988 	1420481.2683992586 	1700920.354583723 	0.0 	1321539.0938317361 	1701100.9604926514 	410373.5672835514 	1632508.357732571 	1193728.717205365 	1101653.313886276 	1237210.8995044823 	1764800.9227127947 	1945563.2854230138 	2305850.1764545776 	1029658.6357409986 	1062863.4302211427 	2180478.6700984063 	1704307.2184019703 	2092188.0729361055 	1956488.852471689 	1210545.340250217 	1674425.5868145572 	1059140.3275438554 	1292429.0841804484 	1947885.1631069847 	1989265.2018722421 	1312267.6265417782 	1855445.6849544027 	621695.3446919715 	1502442.5505853663 	453553.0214944061 	736482.255633375 	1809628.7566107863 	444480.5982738949 	2358387.4689580025 	1757965.3085562496 	1701092.3082490626 	1878783.5177249508 	3163191.618060231 	1861526.5417647602 	
1772954.8640995661 	808154.085562906 	525646.7444804386 	853432.4019806476 	1321539.0938317361 	0.0 	843468.4718513106 	911025.5992248089 	310704.052528465 	708371.7332655485 	813222.7789648436 	499424.31664451084 	593597.0673943838 	669651.4253894772 	1050145.4477086428 	548044.3202307516 	315029.4645832257 	1086024.3032477642 	863532.4917101669 	830644.3443029755 	1000322.8077647223 	870517.7617904055 	658370.9664583463 	327662.93865742604 	1395706.2217091825 	669842.357707938 	726119.2309130557 	43401.26651331027 	715989.1242881254 	792360.4948972123 	1173975.338415329 	989358.2821198812 	956035.5217811073 	516612.279772144 	880518.1574795339 	1146282.607341718 	434955.1090443842 	857514.1759943119 	732388.727150223 	2013232.2352004237 	629928.5801406201 	
1262899.983783024 	1621799.832015951 	344621.38497424783 	13109.889529393828 	1701100.9604926514 	843468.4718513106 	0.0 	1368033.9069425594 	814975.219594996 	511049.16188573034 	1625727.7956160523 	1339051.9953790181 	430080.7780746985 	1204965.617157207 	822925.5583760352 	1341948.176805225 	795637.5719954496 	518769.0429050421 	23665.396464506663 	704100.9549996809 	1756437.7928598449 	1698898.3975584137 	1443009.6178778417 	787109.8298175968 	982500.0057206859 	1200323.60904747 	660173.1782212292 	804215.1121989647 	384633.1620517815 	1082251.1822155642 	571069.840268667 	1250179.2878721943 	1010748.0255889036 	1073595.204381443 	1363595.0679668086 	784601.3652811961 	860850.5817874307 	18268.9535782073 	400834.3049080488 	1456419.1988541565 	549234.8517686765 	
2572311.216889105 	807091.5886475483 	1059113.1519613848 	1369971.418437864 	410373.5672835514 	911025.5992248089 	1368033.9069425594 	0.0 	1221880.447236423 	887843.9254587262 	803974.6532819156 	862250.5957208273 	1377331.6637468762 	1537095.5743357127 	1909542.8699903057 	661254.5959057438 	664753.9112189829 	1815712.762363401 	1374985.3964014528 	1693608.5848142249 	1595580.3354623166 	920220.9485553056 	1293392.1572297039 	662944.9963473876 	1195289.664298382 	1539206.0903026022 	1589757.197559315 	902888.406211356 	1475324.5043937082 	312110.94593337324 	1286047.9343660006 	286763.1608004746 	551372.6735282213 	1399286.2050909817 	44994.67349029203 	1971432.286733217 	1346816.3236876135 	1370979.6215169723 	1497986.226044512 	2795738.041345924 	1466150.4546295644 	
1519423.1218489723 	1027858.2587607591 	589648.1725061404 	827377.5350067404 	1632508.357732571 	310704.052528465 	814975.219594996 	1221880.447236423 	0.0 	870931.4596596862 	1034057.0759342081 	690454.2402264692 	435564.75021260814 	433259.96914248413 	775612.1625304664 	804429.8486391134 	596198.7359643095 	899190.7112853178 	838254.8081919636 	561634.0843119799 	940575.3087895471 	1064691.7167857646 	641917.6492515623 	605485.4367691083 	1567381.175263932 	430871.1734217354 	463055.49429926305 	320202.5979339451 	552818.1914392406 	1085454.1707536387 	1272057.677094704 	1285984.1044157974 	1216872.6319212283 	280110.83169484156 	1191699.604174643 	892687.0765016491 	126100.67220072688 	832332.8038235762 	560852.122487938 	1764672.2368535833 	407889.0031269743 	
1771808.345577286 	1320364.127191353 	327187.52281464875 	509422.2068360495 	1193728.717205365 	708371.7332655485 	511049.16188573034 	887843.9254587262 	870931.4596596862 	0.0 	1322386.2344415234 	1113752.063849796 	714389.4020953197 	1304619.5655907795 	1239542.910245951 	1041452.2116700133 	477073.96044680156 	1015119.6132297541 	511807.28836428234 	1063167.2961654856 	1710743.2312084131 	1418006.6557918028 	1366781.6524544423 	462375.93092816626 	696399.0280480998 	1302427.2232474887 	981210.587794757 	666040.6872983405 	757308.4229570755 	585769.4517880757 	491215.24636642286 	741059.2242474112 	502302.221799313 	1149036.6602791362 	891142.3929457006 	1244072.4971153869 	973985.5964976324 	509087.0969959767 	780712.7842793891 	1971169.4344785921 	843183.5203687069 	
2557929.088859075 	7342.352428300502 	1284144.2090188116 	1633868.373705888 	1101653.313886276 	813222.7789648436 	1625727.7956160523 	803974.6532819156 	1034057.0759342081 	1322386.2344415234 	0.0 	345625.16283332667 	1404747.4315329485 	1115311.9532856364 	1809429.558503442 	286003.58080794476 	858179.7882677442 	1897470.7535834415 	1642994.4726310407 	1596539.9262955075 	890451.9457164372 	116473.58835353829 	688867.0936943374 	870919.4297900163 	1875433.6521350767 	1120525.6978225666 	1497308.624642837 	843525.4889275003 	1528028.6727013737 	976359.1873445475 	1811452.5033713249 	1069052.0194149863 	1251155.708265781 	1040185.9650943021 	759676.5869277999 	1927959.7616040674 	1119302.0386717347 	1637256.4809527085 	1543537.6923150935 	2804044.81321831 	1424842.3903482747 	
2212139.6441060025 	339104.90599488496 	1008701.7817814862 	1348487.4012138725 	1237210.8995044823 	499424.31664451084 	1339051.9953790181 	862250.5957208273 	690454.2402264692 	1113752.063849796 	345625.16283332667 	0.0 	1077056.731438301 	792415.8700685791 	1463424.8525736518 	207863.42953360386 	636870.5021110654 	1567075.3798626722 	1358319.1708067737 	1251888.1499138318 	734649.8540932233 	377748.72924190096 	436831.7110541284 	651906.4998076574 	1741842.915005123 	796962.6541510408 	1153809.4853369894 	536073.3804725886 	1200835.3247353977 	921920.4965595216 	1604639.6655326323 	1069749.9258713238 	1172604.724373156 	702442.2515706477 	818564.986924678 	1584022.1631081696 	773371.1420429224 	1352364.8771846464 	1214800.5039278206 	2458387.027078455 	1087059.5632053772 	
1198320.5865483314 	1399409.7692468495 	389517.49266242026 	443196.5621654708 	1764800.9227127947 	593597.0673943838 	430080.7780746985 	1377331.6637468762 	435564.75021260814 	714389.4020953197 	1404747.4315329485 	1077056.731438301 	0.0 	781852.0400876283 	542697.6101602064 	1141548.915790422 	715269.7052844078 	492386.27845796733 	453484.37758214114 	349659.4169956907 	1364783.1721613787 	1454365.7508286135 	1077149.428619286 	715095.3834729642 	1344615.9778614377 	776791.8360585936 	267661.543703403 	568775.7637933493 	123758.42464898582 	1151807.184375148 	972732.7568803646 	1348435.6652144997 	1183486.5696533918 	661557.8374185389 	1359092.1468728278 	590633.8660222264 	448276.77848477743 	448354.7122035613 	138789.19059558757 	1431105.8574984323 	132662.38044452164 	
1588601.215200642 	1108056.4373578136 	1019331.2575468795 	1217986.5979451288 	1945563.2854230138 	669651.4253894772 	1204965.617157207 	1537095.5743357127 	433259.96914248413 	1304619.5655907795 	1115311.9532856364 	792415.8700685791 	781852.0400876283 	0.0 	857566.5620740039 	977280.91330634 	984249.6536827798 	1140313.8859592325 	1228710.5498604975 	707203.6952772528 	639904.1323909232 	1099447.414772166 	479866.986326803 	996311.7094951347 	2003089.931788211 	7011.410229343351 	654201.0865415222 	698163.6372592764 	871059.8575597042 	1459338.707170203 	1699520.8013808366 	1653023.240557058 	1624011.8437085964 	156998.29248206486 	1500204.6653674897 	1013529.832846043 	347476.1409274122 	1223140.7779409278 	868909.3519430088 	1835086.2760321647 	691362.5463733466 	
751036.9352250871 	1803050.5867199113 	924349.1915858372 	833399.4236231254 	2305850.1764545776 	1050145.4477086428 	822925.5583760352 	1909542.8699903057 	775612.1625304664 	1239542.910245951 	1809429.558503442 	1463424.8525736518 	542697.6101602064 	857566.5620740039 	0.0 	1579699.71366632 	1241635.1545041988 	414774.85095870105 	839643.5912869885 	219185.9614949002 	1495683.764358707 	1832708.4099203742 	1305098.0689058537 	1243641.733708253 	1807661.8690378638 	850584.6410764504 	323938.1880561748 	1039703.8417416795 	481417.108549769 	1695323.149392025 	1391151.5229757219 	1893578.3677530792 	1724420.4942205355 	829855.8752390783 	1887995.6315679296 	162329.35869365965 	691758.327129915 	837412.3639254043 	458167.4812478686 	998261.7513281432 	440795.7171931056 	
2317388.981491031 	282867.6964930999 	999356.9089193259 	1349840.2989655933 	1029658.6357409986 	548044.3202307516 	1341948.176805225 	661254.5959057438 	804429.8486391134 	1041452.2116700133 	286003.58080794476 	207863.42953360386 	1141548.915790422 	977280.91330634 	1579699.71366632 	0.0 	573041.6566287248 	1633949.9236334201 	1358829.7420053636 	1362150.747441429 	933807.2304614123 	376195.78270152526 	644703.1050523353 	586074.6625426528 	1620963.011753979 	981221.1635585206 	1259624.9472754742 	573434.2658584449 	1263433.6525831425 	755532.117288667 	1532224.9447571791 	885298.3477342922 	1019972.9383590175 	871162.50895655 	616915.5058436139 	1687286.7967529504 	905637.7695935495 	1353138.1696120352 	1280322.9912845548 	2560467.731419635 	1174415.512132235 	
1913788.3418585593 	855430.0158988724 	452675.58072071796 	801699.6098155087 	1062863.4302211427 	315029.4645832257 	795637.5719954496 	664753.9112189829 	596198.7359643095 	477073.96044680156 	858179.7882677442 	636870.5021110654 	715269.7052844078 	984249.6536827798 	1241635.1545041988 	573041.6566287248 	0.0 	1174192.1687851895 	809606.0111890011 	1026866.6593763545 	1272361.5465032011 	947450.326878896 	927481.5703964259 	15496.119509614164 	1121003.021593034 	984252.0089270374 	923757.0794639855 	286498.1226833761 	819531.4973625373 	489147.3396536499 	968233.217445466 	690089.0204570601 	641188.3595599129 	829910.9737185556 	644030.4262091187 	1306570.0563840251 	721779.4682161887 	804319.8540593327 	841221.6053759992 	2142496.4362746845 	799935.6249817642 	
755771.230658897 	1892075.0272432247 	756178.5835788664 	524985.8569085059 	2180478.6700984063 	1086024.3032477642 	518769.0429050421 	1815712.762363401 	899190.7112853178 	1015119.6132297541 	1897470.7535834415 	1567075.3798626722 	492386.27845796733 	1140313.8859592325 	414774.85095870105 	1633949.9236334201 	1174192.1687851895 	0.0 	527063.8473911397 	442767.7943926541 	1771263.6775140907 	1945001.8500546853 	1521395.0058570632 	1170929.2915487436 	1476247.415285094 	1133862.2562131258 	486574.80325887335 	1060188.539871334 	370034.972175557 	1555012.8112497253 	1043109.3263283429 	1738186.3734738354 	1519232.363379457 	1062462.424935512 	1803414.0070470565 	305937.4692056028 	869188.8385996743 	527313.4374976337 	353590.106346153 	968260.7105642831 	491992.4520290579 	
1266956.3860465619 	1639129.5049425913 	360221.87950380816 	10863.711676883582 	1704307.2184019703 	863532.4917101669 	23665.396464506663 	1374985.3964014528 	838254.8081919636 	511807.28836428234 	1642994.4726310407 	1358319.1708067737 	453484.37758214114 	1228710.5498604975 	839643.5912869885 	1358829.7420053636 	809606.0111890011 	527063.8473911397 	0.0 	724352.3000736833 	1779640.9271701681 	1717036.9846504114 	1465588.5333806174 	800768.131067614 	966808.9121090793 	1224067.728254901 	681926.5372655445 	823995.6534285328 	406172.32617161836 	1086881.0019373323 	552294.0587323382 	1252498.2171719586 	1009361.4982217981 	1097257.814192768 	1371289.2033056326 	797743.4103259052 	884528.3056540587 	6074.526978913276 	421924.7288012507 	1457737.1688343263 	572054.5030305367 	
957039.6128861364 	1590297.3319404188 	739268.7647710234 	716165.0257080209 	2092188.0729361055 	830644.3443029755 	704100.9549996809 	1693608.5848142249 	561634.0843119799 	1063167.2961654856 	1596539.9262955075 	1251888.1499138318 	349659.4169956907 	707203.6952772528 	219185.9614949002 	1362150.747441429 	1026866.6593763545 	442767.7943926541 	724352.3000736833 	0.0 	1345212.4021306941 	1624128.2016341852 	1124191.6456679222 	1029528.1099452595 	1671896.667023023 	700502.9171924287 	104836.73810282341 	820140.2712119841 	324736.2634892039 	1488096.457515112 	1274930.6994739615 	1687827.6384636262 	1533133.5151571156 	650649.2026674943 	1671142.1245702594 	333799.69209539343 	488239.20846778876 	720838.2258447456 	305339.2865435973 	1202574.9409814922 	231256.5895585949 	
2214444.9383695326 	883837.3677475855 	1496235.1967018535 	1768735.8528131198 	1956488.852471689 	1000322.8077647223 	1756437.7928598449 	1595580.3354623166 	940575.3087895471 	1710743.2312084131 	890451.9457164372 	734649.8540932233 	1364783.1721613787 	639904.1323909232 	1495683.764358707 	933807.2304614123 	1272361.5465032011 	1771263.6775140907 	1779640.9271701681 	1345212.4021306941 	0.0 	810843.434701019 	344549.90379107336 	1287691.4105548284 	2395790.213405192 	646790.571510081 	1284814.6141521423 	1043017.6485356693 	1471037.5285053903 	1645768.3686967373 	2172964.953012378 	1803501.6296268497 	1880666.3152821495 	711441.293420254 	1551316.7671632902 	1652944.8710393931 	918848.9059250169 	1773654.8731897646 	1473440.1902462137 	2458582.778491703 	1299424.7914736068 	
2585074.508252439 	114146.96201153554 	1360715.2353859767 	1707598.672791572 	1210545.340250217 	870517.7617904055 	1698898.3975584137 	920220.9485553056 	1064691.7167857646 	1418006.6557918028 	116473.58835353829 	377748.72924190096 	1454365.7508286135 	1099447.414772166 	1832708.4099203742 	376195.78270152526 	947450.326878896 	1945001.8500546853 	1717036.9846504114 	1624128.2016341852 	810843.434701019 	0.0 	647701.1014889211 	960877.7611457935 	1985507.0735298942 	1105121.8954132649 	1527736.9505291586 	904259.9783143075 	1578136.6729808443 	1090630.5237647549 	1909229.3580437482 	1185660.9801295826 	1364769.4104482264 	1039744.6395498775 	875994.7421467175 	1957759.1236512596 	1139692.0406786925 	1711197.1395144959 	1592368.3925812535 	2832552.744728026 	1464464.4850304262 	
2051669.7916048355 	681549.6158857592 	1164805.9721090174 	1454793.8847404236 	1674425.5868145572 	658370.9664583463 	1443009.6178778417 	1293392.1572297039 	641917.6492515623 	1366781.6524544423 	688867.0936943374 	436831.7110541284 	1077149.428619286 	479866.986326803 	1305098.0689058537 	644703.1050523353 	927481.5703964259 	1521395.0058570632 	1465588.5333806174 	1124191.6456679222 	344549.90379107336 	647701.1014889211 	0.0 	942757.2190280542 	2048349.8186718738 	486415.59323670797 	1046691.7221018157 	701416.2996539086 	1191968.715301291 	1314541.6975950932 	1833140.500166824 	1480913.21917853 	1540924.0526207166 	475529.0694681919 	1250514.4021218214 	1451563.9073489716 	652188.3899904455 	1459531.538825892 	1198043.4823212747 	2299728.7365176673 	1032997.1270192417 	
1912314.1575004987 	868239.4823859512 	444982.5134027643 	792981.9114590762 	1059140.3275438554 	327662.93865742604 	787109.8298175968 	662944.9963473876 	605485.4367691083 	462375.93092816626 	870919.4297900163 	651906.4998076574 	715095.3834729642 	996311.7094951347 	1243641.733708253 	586074.6625426528 	15496.119509614164 	1170929.2915487436 	800768.131067614 	1029528.1099452595 	1287691.4105548284 	960877.7611457935 	942757.2190280542 	0.0 	1105485.9604335234 	996244.1867573248 	926745.7330819648 	298116.92019447207 	817984.0393928329 	480754.35373953456 	953650.5498151332 	682060.1644439966 	628189.2297375301 	841652.9834147792 	643172.1972939848 	1306757.8376229492 	730813.4325111534 	795530.3163411992 	839852.8286695811 	2140265.551703861 	801838.2043109902 	
2162036.5236067986 	1875408.9655176979 	993125.8971393964 	972427.725910696 	1292429.0841804484 	1395706.2217091825 	982500.0057206859 	1195289.664298382 	1567381.175263932 	696399.0280480998 	1875433.6521350767 	1741842.915005123 	1344615.9778614377 	2003089.931788211 	1807661.8690378638 	1620963.011753979 	1121003.021593034 	1476247.415285094 	966808.9121090793 	1671896.667023023 	2395790.213405192 	1985507.0735298942 	2048349.8186718738 	1105485.9604335234 	0.0 	2000695.6612674089 	1608790.6007944192 	1354725.6932928283 	1346131.8629317477 	917759.7115053207 	436096.1481359764 	921708.6329013844 	646706.8334035279 	1847536.5069403322 	1223748.172671451 	1764363.6206502644 	1666238.6127308325 	968624.5026522711 	1366441.4833928652 	2309780.22177158 	1477623.501492036 	
1581597.2362263536 	1113275.2322391763 	1016232.4352216446 	1213352.4314765611 	1947885.1631069847 	669842.357707938 	1200323.60904747 	1539206.0903026022 	430871.1734217354 	1302427.2232474887 	1120525.6978225666 	796962.6541510408 	776791.8360585936 	7011.410229343351 	850584.6410764504 	981221.1635585206 	984252.0089270374 	1133862.2562131258 	1224067.728254901 	700502.9171924287 	646790.571510081 	1105121.8954132649 	486415.59323670797 	996244.1867573248 	2000695.6612674089 	0.0 	647836.1039579532 	698016.0725382083 	865518.9949989092 	1460038.8435695253 	1696028.892963418 	1653987.8485416898 	1623680.521794558 	155919.06431304713 	1502430.0762714995 	1006587.6000057935 	343599.9902572391 	1218508.7292189808 	863253.1896179179 	1828086.6788771222 	685705.9631701449 	
1055858.9933052408 	1491160.8995816456 	654610.1183592511 	672836.3215441509 	1989265.2018722421 	726119.2309130557 	660173.1782212292 	1589757.197559315 	463055.49429926305 	981210.587794757 	1497308.624642837 	1153809.4853369894 	267661.543703403 	654201.0865415222 	323938.1880561748 	1259624.9472754742 	923757.0794639855 	486574.80325887335 	681926.5372655445 	104836.73810282341 	1284814.6141521423 	1527736.9505291586 	1046691.7221018157 	926745.7330819648 	1608790.6007944192 	647836.1039579532 	0.0 	715244.4735619674 	275693.89079857187 	1388468.5270273476 	1224166.405016617 	1588798.0224282 	1441624.920396791 	579060.1754293543 	1566900.7025667275 	429465.17765059567 	400104.37110670813 	677767.7919953072 	261690.8755242379 	1300263.8893526043 	138291.90393313108 	
1755750.8225925972 	838660.5727421127 	483474.3680664473 	813985.6256496734 	1312267.6265417782 	43401.26651331027 	804215.1121989647 	902888.406211356 	320202.5979339451 	666040.6872983405 	843525.4889275003 	536073.3804725886 	568775.7637933493 	698163.6372592764 	1039703.8417416795 	573434.2658584449 	286498.1226833761 	1060188.539871334 	823995.6534285328 	820140.2712119841 	1043017.6485356693 	904259.9783143075 	701416.2996539086 	298116.92019447207 	1354725.6932928283 	698016.0725382083 	715244.4735619674 	0.0 	689967.5659461758 	770373.3657051739 	1130508.248539275 	969101.8805813236 	924980.3664649952 	543387.5651366976 	874007.7451172636 	1130790.9366858369 	446106.56880587863 	817997.2087361992 	707197.0488533619 	1994629.2253730672 	613115.99530448 	
1090325.6440389159 	1522729.0615927095 	447302.0106666827 	397201.19248043257 	1855445.6849544027 	715989.1242881254 	384633.1620517815 	1475324.5043937082 	552818.1914392406 	757308.4229570755 	1528028.6727013737 	1200835.3247353977 	123758.42464898582 	871059.8575597042 	481417.108549769 	1263433.6525831425 	819531.4973625373 	370034.972175557 	406172.32617161836 	324736.2634892039 	1471037.5285053903 	1578136.6729808443 	1191968.715301291 	817984.0393928329 	1346131.8629317477 	865518.9949989092 	275693.89079857187 	689967.5659461758 	0.0 	1236229.1792418642 	951421.3761235559 	1429023.9791460466 	1244913.1134769358 	761877.1799717535 	1459275.4044305815 	500035.4407886637 	551692.538384609 	402095.7984818876 	23754.88399034437 	1318841.0382624795 	180840.04257075163 	
2316959.9026868306 	977401.6104665755 	798223.5270417952 	1082854.1442574337 	621695.3446919715 	792360.4948972123 	1082251.1822155642 	312110.94593337324 	1085454.1707536387 	585769.4517880757 	976359.1873445475 	921920.4965595216 	1151807.184375148 	1459338.707170203 	1695323.149392025 	755532.117288667 	489147.3396536499 	1555012.8112497253 	1086881.0019373323 	1488096.457515112 	1645768.3686967373 	1090630.5237647549 	1314541.6975950932 	480754.35373953456 	917759.7115053207 	1460038.8435695253 	1388468.5270273476 	770373.3657051739 	1236229.1792418642 	0.0 	974802.0550161089 	201677.52086391608 	276187.00343398866 	1308586.9466388675 	326380.7862808732 	1738449.9603269298 	1211360.0826163029 	1083349.3899678066 	1259724.3656771062 	2531383.5633185757 	1256203.8271507896 	
1722838.8140978054 	1809695.7384543407 	682011.2580402355 	559570.75090797 	1502442.5505853663 	1173975.338415329 	571069.840268667 	1286047.9343660006 	1272057.677094704 	491215.24636642286 	1811452.5033713249 	1604639.6655326323 	972732.7568803646 	1699520.8013808366 	1391151.5229757219 	1532224.9447571791 	968233.217445466 	1043109.3263283429 	552294.0587323382 	1274930.6994739615 	2172964.953012378 	1909229.3580437482 	1833140.500166824 	953650.5498151332 	436096.1481359764 	1696028.892963418 	1224166.405016617 	1130508.248539275 	951421.3761235559 	974802.0550161089 	0.0 	1065103.6906368292 	768600.4256364591 	1551725.7898479842 	1300900.2602881712 	1336248.4822625036 	1351536.0455309332 	555171.8803466376 	969405.6256904312 	1874992.784318145 	1102278.4370889838 	
2502715.2496637427 	1071349.7932906353 	985461.8234543755 	1249492.443069589 	453553.0214944061 	989358.2821198812 	1250179.2878721943 	286763.1608004746 	1285984.1044157974 	741059.2242474112 	1069052.0194149863 	1069749.9258713238 	1348435.6652144997 	1653023.240557058 	1893578.3677530792 	885298.3477342922 	690089.0204570601 	1738186.3734738354 	1252498.2171719586 	1687827.6384636262 	1803501.6296268497 	1185660.9801295826 	1480913.21917853 	682060.1644439966 	921708.6329013844 	1653987.8485416898 	1588798.0224282 	969101.8805813236 	1429023.9791460466 	201677.52086391608 	1065103.6906368292 	0.0 	298183.460351654 	1503994.8435507067 	324128.39315136225 	1932282.7087392574 	1412149.7592732955 	1249474.7440007927 	1452704.8973438025 	2712860.8749601636 	1455487.4938220612 	
2279105.347404168 	1251980.0241638292 	797630.0534784406 	1008011.5783140314 	736482.255633375 	956035.5217811073 	1010748.0255889036 	551372.6735282213 	1216872.6319212283 	502302.221799313 	1251155.708265781 	1172604.724373156 	1183486.5696533918 	1624011.8437085964 	1724420.4942205355 	1019972.9383590175 	641188.3595599129 	1519232.363379457 	1009361.4982217981 	1533133.5151571156 	1880666.3152821495 	1364769.4104482264 	1540924.0526207166 	628189.2297375301 	646706.8334035279 	1623680.521794558 	1441624.920396791 	924980.3664649952 	1244913.1134769358 	276187.00343398866 	768600.4256364591 	298183.460351654 	0.0 	1468000.6442436338 	577612.7336462623 	1741708.1897275855 	1338143.8222820295 	1007190.614146095 	1268717.127040681 	2477282.609937715 	1303633.099256446 	
1578012.762188568 	1033148.9061364981 	869423.8717201421 	1086426.6884419112 	1809628.7566107863 	516612.279772144 	1073595.204381443 	1399286.2050909817 	280110.83169484156 	1149036.6602791362 	1040185.9650943021 	702442.2515706477 	661557.8374185389 	156998.29248206486 	829855.8752390783 	871162.50895655 	829910.9737185556 	1062462.424935512 	1097257.814192768 	650649.2026674943 	711441.293420254 	1039744.6395498775 	475529.0694681919 	841652.9834147792 	1847536.5069403322 	155919.06431304713 	579060.1754293543 	543387.5651366976 	761877.1799717535 	1308586.9466388675 	1551725.7898479842 	1503994.8435507067 	1468000.6442436338 	0.0 	1363846.8202795694 	976052.9610834802 	213630.5633511619 	1091523.3859917333 	763084.2640753572 	1825976.4363772369 	588079.2706284231 	
2557420.2755469303 	762726.149412426 	1049212.5797391357 	1365960.4313512433 	444480.5982738949 	880518.1574795339 	1363595.0679668086 	44994.67349029203 	1191699.604174643 	891142.3929457006 	759676.5869277999 	818564.986924678 	1359092.1468728278 	1500204.6653674897 	1887995.6315679296 	616915.5058436139 	644030.4262091187 	1803414.0070470565 	1371289.2033056326 	1671142.1245702594 	1551316.7671632902 	875994.7421467175 	1250514.4021218214 	643172.1972939848 	1223748.172671451 	1502430.0762714995 	1566900.7025667275 	874007.7451172636 	1459275.4044305815 	326380.7862808732 	1300900.2602881712 	324128.39315136225 	577612.7336462623 	1363846.8202795694 	0.0 	1953039.4479177548 	1316075.5299594286 	1367135.4298737373 	1481709.905197481 	2782593.217928502 	1445004.5585456528 	
626471.2468714115 	1921813.3065922058 	945947.6504932938 	793332.1157117711 	2358387.4689580025 	1146282.607341718 	784601.3652811961 	1971432.286733217 	892687.0765016491 	1244072.4971153869 	1927959.7616040674 	1584022.1631081696 	590633.8660222264 	1013529.832846043 	162329.35869365965 	1687286.7967529504 	1306570.0563840251 	305937.4692056028 	797743.4103259052 	333799.69209539343 	1652944.8710393931 	1957759.1236512596 	1451563.9073489716 	1306757.8376229492 	1764363.6206502644 	1006587.6000057935 	429465.17765059567 	1130790.9366858369 	500035.4407886637 	1738449.9603269298 	1336248.4822625036 	1932282.7087392574 	1741708.1897275855 	976052.9610834802 	1953039.4479177548 	0.0 	822040.6108883108 	796640.8048129368 	476466.3570224654 	870015.5193289107 	517215.1141094592 	
1442479.4646053212 	1112779.0057573288 	676108.7862577018 	873735.968891716 	1757965.3085562496 	434955.1090443842 	860850.5817874307 	1346816.3236876135 	126100.67220072688 	973985.5964976324 	1119302.0386717347 	773371.1420429224 	448276.77848477743 	347476.1409274122 	691758.327129915 	905637.7695935495 	721779.4682161887 	869188.8385996743 	884528.3056540587 	488239.20846778876 	918848.9059250169 	1139692.0406786925 	652188.3899904455 	730813.4325111534 	1666238.6127308325 	343599.9902572391 	400104.37110670813 	446106.56880587863 	551692.538384609 	1211360.0826163029 	1351536.0455309332 	1412149.7592732955 	1338143.8222820295 	213630.5633511619 	1316075.5299594286 	822040.6108883108 	0.0 	878848.6915502581 	554462.9023691841 	1689497.3943241113 	383160.92651552864 	
1268383.9459931373 	1633383.7589028652 	354663.5715311699 	5162.274847437118 	1701092.3082490626 	857514.1759943119 	18268.9535782073 	1370979.6215169723 	832332.8038235762 	509087.0969959767 	1637256.4809527085 	1352364.8771846464 	448354.7122035613 	1223140.7779409278 	837412.3639254043 	1353138.1696120352 	804319.8540593327 	527313.4374976337 	6074.526978913276 	720838.2258447456 	1773654.8731897646 	1711197.1395144959 	1459531.538825892 	795530.3163411992 	968624.5026522711 	1218508.7292189808 	677767.7919953072 	817997.2087361992 	402095.7984818876 	1083349.3899678066 	555171.8803466376 	1249474.7440007927 	1007190.614146095 	1091523.3859917333 	1367135.4298737373 	796640.8048129368 	878848.6915502581 	0.0 	418045.54602884885 	1459850.688587592 	567338.8256274451 	
1068565.2428815542 	1538176.8903919444 	471068.55550827255 	413226.44589855114 	1878783.5177249508 	732388.727150223 	400834.3049080488 	1497986.226044512 	560852.122487938 	780712.7842793891 	1543537.6923150935 	1214800.5039278206 	138789.19059558757 	868909.3519430088 	458167.4812478686 	1280322.9912845548 	841221.6053759992 	353590.106346153 	421924.7288012507 	305339.2865435973 	1473440.1902462137 	1592368.3925812535 	1198043.4823212747 	839852.8286695811 	1366441.4833928652 	863253.1896179179 	261690.8755242379 	707197.0488533619 	23754.88399034437 	1259724.3656771062 	969405.6256904312 	1452704.8973438025 	1268717.127040681 	763084.2640753572 	1481709.905197481 	476466.3570224654 	554462.9023691841 	418045.54602884885 	0.0 	1297900.6781729057 	177394.99646088036 	
247335.65175076757 	2797857.245584115 	1727778.2091547758 	1459011.9664701126 	3163191.618060231 	2013232.2352004237 	1456419.1988541565 	2795738.041345924 	1764672.2368535833 	1971169.4344785921 	2804044.81321831 	2458387.027078455 	1431105.8574984323 	1835086.2760321647 	998261.7513281432 	2560467.731419635 	2142496.4362746845 	968260.7105642831 	1457737.1688343263 	1202574.9409814922 	2458582.778491703 	2832552.744728026 	2299728.7365176673 	2140265.551703861 	2309780.22177158 	1828086.6788771222 	1300263.8893526043 	1994629.2253730672 	1318841.0382624795 	2531383.5633185757 	1874992.784318145 	2712860.8749601636 	2477282.609937715 	1825976.4363772369 	2782593.217928502 	870015.5193289107 	1689497.3943241113 	1459850.688587592 	1297900.6781729057 	0.0 	1380551.4649245378 	
1140804.3549570467 	1419050.7426736034 	516412.5429360146 	562245.6193797486 	1861526.5417647602 	629928.5801406201 	549234.8517686765 	1466150.4546295644 	407889.0031269743 	843183.5203687069 	1424842.3903482747 	1087059.5632053772 	132662.38044452164 	691362.5463733466 	440795.7171931056 	1174415.512132235 	799935.6249817642 	491992.4520290579 	572054.5030305367 	231256.5895585949 	1299424.7914736068 	1464464.4850304262 	1032997.1270192417 	801838.2043109902 	1477623.501492036 	685705.9631701449 	138291.90393313108 	613115.99530448 	180840.04257075163 	1256203.8271507896 	1102278.4370889838 	1455487.4938220612 	1303633.099256446 	588079.2706284231 	1445004.5585456528 	517215.1141094592 	383160.92651552864 	567338.8256274451 	177394.99646088036 	1380551.4649245378 	0.0 	
